"Granularity" "Nodes" "Straightness" "Duration" "Memory"
0 25 0.438727295230743 0.000999927520751953 20.8
0.948282835665509 26 0.430206704499078 0.033001184463501 20.8
0.866282835665509 27 0.423706790623458 0.0340020656585693 20.8
0.860282835665509 28 0.414773663776331 0.0370018482208252 20.8
0.847282835665509 29 0.411343291097236 0.0370020866394043 20.8
0.837282835665509 30 0.404755670588042 0.0370020866394043 20.8
0.833282835665509 31 0.400058446828061 0.0390021800994873 20.8
0.778282835665508 32 0.391002702159971 0.0420019626617432 20.8
0.736282835665509 33 0.390268521212568 0.0420019626617432 20.8
0.697282835665509 34 0.393642039043438 0.049001932144165 20.8
0.650282835665509 35 0.410966552213625 0.0440020561218262 20.8
0.646282835665509 36 0.427328592429913 0.0440030097961426 20.8
0.642282835665509 37 0.424657533466006 0.0450029373168945 20.8
0.632282835665509 38 0.420207535942986 0.0460031032562256 20.8
0.631282835665508 39 0.415894421530539 0.0540030002593994 20.8
0.621282835665508 40 0.413107198831967 0.0490028858184814 20.8
0.620282835665509 41 0.408715465251082 0.0510029792785645 20.8
0.599282835665508 42 0.409040091934209 0.0500030517578125 20.8
0.582282835665509 43 0.422783345610157 0.051002025604248 20.8
0.577282835665509 44 0.419229577176232 0.0560030937194824 20.8
0.573282835665509 45 0.416515087822508 0.0550038814544678 20.8
0.564282835665509 46 0.414693193544301 0.0570030212402344 20.8
0.558282835665509 47 0.410876324320333 0.0580029487609863 20.8
0.555282835665509 48 0.409082715894446 0.0550029277801514 20.8
0.528282835665508 49 0.407318030098112 0.0580029487609863 20.8
0.519282835665509 50 0.401744367170631 0.0570030212402344 20.8
0.507282835665509 51 0.407009739911186 0.0690040588378906 20.8
0.490282835665509 53 0.404244361440835 0.0650038719177246 20.8
0.481282835665509 54 0.398703296045085 0.0630040168762207 20.8
0.480282835665509 55 0.397604531375715 0.0670039653778076 20.8
0.473282835665508 56 0.395263016912574 0.0650041103363037 20.8
0.464282835665509 57 0.397835230147118 0.0680041313171387 20.8
0.433282835665509 58 0.408217381351479 0.0730040073394775 20.8
0.432282835665509 59 0.405911575113526 0.0690040588378906 20.8
0.430282835665509 61 0.414295454804029 0.0780038833618164 20.8
0.428282835665509 62 0.413066750421872 0.0710039138793945 20.8
0.427282835665509 63 0.411182584020431 0.0700039863586426 20.8
0.423282835665509 64 0.410034608224011 0.0740041732788086 20.8
0.421282835665509 65 0.407842944933208 0.0700039863586426 20.8
0.418282835665509 66 0.405373929104275 0.0720038414001465 20.8
0.416282835665508 67 0.40451209319255 0.0720040798187256 20.8
0.414282835665508 68 0.403567381997038 0.0740039348602295 20.8
0.413282835665508 69 0.401313995085549 0.0750041007995605 20.8
0.399282835665508 70 0.402282689284306 0.0700039863586426 20.8
0.393282835665508 71 0.398958650964523 0.0830042362213135 20.8
0.390282835665508 72 0.407306447478905 0.0760049819946289 20.8
0.389282835665508 73 0.403648765520344 0.0820050239562988 20.8
0.388282835665508 74 0.411707565986285 0.118005990982056 20.8
0.379282835665508 76 0.41767093773626 0.0780041217803955 20.8
0.367282835665509 77 0.417570482420708 0.0910050868988037 20.8
0.352282835665509 78 0.416405831365587 0.0860049724578857 20.8
0.348282835665509 79 0.418118625374899 0.0860049724578857 20.8
0.346282835665509 80 0.416322653637689 0.0820038318634033 20.8
0.343282835665509 81 0.415254136071476 0.0960049629211426 20.8
0.338282835665509 82 0.4143327197382 0.0900051593780518 20.8
0.337282835665509 83 0.418708333860183 0.102005958557129 20.8
0.334282835665509 84 0.416609610866484 0.0880048274993896 20.8
0.333282835665509 85 0.41588897828046 0.0920050144195557 20.8
0.327282835665509 86 0.414261210899932 0.0900049209594727 20.8
0.325282835665509 87 0.420993840659703 0.0910060405731201 20.8
0.322282835665509 88 0.427573456106752 0.096005916595459 20.8
0.321282835665509 89 0.42659502204809 0.0870051383972168 20.8
0.320282835665509 91 0.422423717854516 0.104006052017212 20.8
0.316282835665509 92 0.4208325801473 0.0930049419403076 20.8
0.315282835665509 93 0.41925981717969 0.0900049209594727 20.8
0.311282835665509 94 0.416307571242965 0.0890049934387207 20.8
0.310282835665509 95 0.415710182350628 0.0900058746337891 20.8
0.309282835665509 96 0.414006128544545 0.0920050144195557 20.8
0.299282835665509 97 0.414704573822559 0.111006021499634 20.8
0.294282835665509 98 0.414699149068496 0.113007068634033 20.8
0.290282835665508 99 0.420611278875885 0.101005077362061 20.8
0.288282835665508 100 0.419160471590264 0.099006175994873 20.8
0.286282835665508 101 0.418366657260691 0.100005865097046 20.8
0.284282835665508 102 0.417517489960719 0.0980048179626465 20.8
0.282282835665508 103 0.416771626293233 0.095005989074707 20.8
0.279282835665508 104 0.415129563268353 0.101006031036377 20.8
0.278282835665508 105 0.416468646020059 0.0970048904418945 20.8
0.277282835665508 106 0.415926183872607 0.10300612449646 20.8
0.270282835665508 107 0.414590708659796 0.100005149841309 20.8
0.264282835665508 108 0.413789785952254 0.110006093978882 20.8
0.262282835665508 109 0.41146738189532 0.096005916595459 20.8
0.259282835665508 112 0.419576134716505 0.11100697517395 20.8
0.258282835665508 113 0.424712629099545 0.099006175994873 20.8
0.256282835665508 114 0.423982962198531 0.110007047653198 20.8
0.253282835665508 115 0.427019996821064 0.111006021499634 20.8
0.252282835665508 117 0.43060068276215 0.113007068634033 20.8
0.250282835665508 118 0.428931700423933 0.102006196975708 20.8
0.248282835665508 119 0.42833943951432 0.104006052017212 20.8
0.247282835665508 121 0.42563822932334 0.104005813598633 20.8
0.245282835665508 124 0.42369103088149 0.106006145477295 20.8
0.241282835665509 125 0.423031610952934 0.106006145477295 20.8
0.240282835665509 127 0.42012382584227 0.113006114959717 20.8
0.239282835665509 129 0.419294788175124 0.11700701713562 20.8
0.237282835665509 130 0.418847592230978 0.11700701713562 20.8
0.236282835665509 131 0.417777912947001 0.119007110595703 20.8
0.232282835665509 133 0.423208028716265 0.114006996154785 20.8
0.222282835665509 134 0.421119396442287 0.118006944656372 20.8
0.216282835665509 136 0.424312753511326 0.126007795333862 20.8
0.215282835665509 137 0.428514850201025 0.116007089614868 20.8
0.214282835665509 139 0.427329566598962 0.126006841659546 20.8
0.213282835665509 140 0.426728644914343 0.125007152557373 20.8
0.211282835665509 142 0.425438687430219 0.129008054733276 20.8
0.210282835665509 145 0.423333333964039 0.126008033752441 20.8
0.209282835665509 146 0.422108194977631 0.119007110595703 20.8
0.208282835665509 147 0.421703063268956 0.138007879257202 20.8
0.207282835665509 148 0.421271823797795 0.131006956100464 20.8
0.206282835665509 149 0.420152299567821 0.127007961273193 20.8
0.202282835665509 150 0.422549365072719 0.141007900238037 20.8
0.199282835665509 152 0.426782112908551 0.130007028579712 20.8
0.198282835665509 153 0.427645799487792 0.135008096694946 20.8
0.196282835665509 155 0.424958416748089 0.127007007598877 20.8
0.194282835665509 157 0.426829824902214 0.134007930755615 20.8
0.193282835665509 158 0.430457484238276 0.14300799369812 20.8
0.192282835665509 161 0.427133914947803 0.139008045196533 20.8
0.190282835665509 162 0.42662855953783 0.138007879257202 20.8
0.189282835665509 164 0.429211515687321 0.161009073257446 20.8
0.188282835665509 165 0.428682101751658 0.134006977081299 20.8
0.185282835665509 168 0.430619224044022 0.140007972717285 20.8
0.184282835665509 169 0.433988341061513 0.133007049560547 20.8
0.183282835665509 171 0.433388591939841 0.136007785797119 20.8
0.180282835665509 172 0.43247474843822 0.177010059356689 20.8
0.177282835665509 173 0.432071820705856 0.137006998062134 20.8
0.176282835665509 174 0.431053635523815 0.141008138656616 20.8
0.175282835665509 175 0.430470208036353 0.139008045196533 20.8
0.174282835665509 176 0.431204221274393 0.140007972717285 20.8
0.173282835665509 177 0.430332858818218 0.159008979797363 20.8
0.172282835665509 179 0.42787390069621 0.142008066177368 20.8
0.171282835665509 180 0.427420980677718 0.146008014678955 20.8
0.170282835665509 182 0.427336610365033 0.147008895874023 20.8
0.169282835665509 183 0.426870426154088 0.154008865356445 20.8
0.168282835665509 184 0.428854157814705 0.138007879257202 20.8
0.167282835665509 185 0.427868175291042 0.154008150100708 20.8
0.166282835665508 188 0.429566047826751 0.14900803565979 20.8
0.163282835665508 190 0.428725804585568 0.152008056640625 20.8
0.162282835665508 191 0.431716768959466 0.146008014678955 20.8
0.161282835665508 192 0.434676577454469 0.173010110855103 20.8
0.160282835665508 195 0.432228793971648 0.145007848739624 20.8
0.157282835665508 199 0.4285245079203 0.155009031295776 20.8
0.156282835665508 200 0.428117620738007 0.149008989334106 20.8
0.155282835665508 203 0.429219075161611 0.154009103775024 20.8
0.154282835665508 205 0.42900879123604 0.15700888633728 20.8
0.153282835665508 206 0.42858712804074 0.170010089874268 20.8
0.152282835665508 207 0.427705215604556 0.159008979797363 20.8
0.151282835665508 209 0.430141538618912 0.179010152816772 20.8
0.150282835665508 210 0.429660489692021 0.174010038375854 20.8
0.149282835665508 211 0.429955541190088 0.188011169433594 20.8
0.146282835665508 212 0.429905814639376 0.199010848999023 20.8
0.145282835665508 214 0.431862875614752 0.170010089874268 20.8
0.144282835665508 217 0.435362246854483 0.179009914398193 20.8
0.143282835665508 219 0.437540355676604 0.182011127471924 20.8
0.142282835665508 221 0.436734540605876 0.19701099395752 20.8
0.141282835665508 222 0.43541728776214 0.171009063720703 20.8
0.140282835665508 224 0.434290711662835 0.206012010574341 20.8
0.139282835665508 227 0.433357436136667 0.19701099395752 20.8
0.138282835665508 228 0.433057435085479 0.178009986877441 20.8
0.137282835665508 232 0.430325455320226 0.177010059356689 20.8
0.135282835665508 233 0.429668913782027 0.190011024475098 20.8
0.133282835665508 236 0.431393518691875 0.196011066436768 20.8
0.132282835665508 238 0.431300860503326 0.189010858535767 20.8
0.131282835665508 239 0.430873770626402 0.193011045455933 20.8
0.130282835665508 241 0.429385557122426 0.182009935379028 20.8
0.129282835665508 245 0.435209486622431 0.211012125015259 20.8
0.128282835665508 249 0.436075779421219 0.186011075973511 20.8
0.126282835665508 254 0.438967000577512 0.202011108398438 20.8
0.125282835665508 255 0.438186291452435 0.189010143280029 20.8
0.124282835665508 256 0.437896350701231 0.190011024475098 20.8
0.123282835665508 258 0.436567067625554 0.200011014938354 20.9
0.122282835665508 261 0.435574211703895 0.200011968612671 20.9
0.121282835665508 262 0.435262290617055 0.201012134552002 20.9
0.120282835665508 265 0.433445867543987 0.198010921478271 20.9
0.119282835665508 268 0.431894407439294 0.209011077880859 20.9
0.118282835665508 271 0.433183656066609 0.199011087417603 20.9
0.117282835665508 273 0.434879367937369 0.214011907577515 20.9
0.116282835665508 275 0.436618588797571 0.200011014938354 20.9
0.115282835665509 277 0.436492487698077 0.216012001037598 20.9
0.114282835665509 279 0.435598103542087 0.203011989593506 20.9
0.112282835665509 285 0.434593167817926 0.219012022018433 20.9
0.111282835665509 288 0.43536430188748 0.223012924194336 20.9
0.110282835665509 290 0.434120966388049 0.217012166976929 20.9
0.108282835665509 295 0.437110068334179 0.23101282119751 20.9
0.107282835665509 297 0.438708909864544 0.217013120651245 20.9
0.106282835665509 302 0.437223033465002 0.248013973236084 20.9
0.105282835665509 307 0.437353421171964 0.265016078948975 20.9
0.104282835665509 309 0.436679512572943 0.240013837814331 20.9
0.103282835665509 313 0.434712302773342 0.232012987136841 20.9
0.101282835665509 315 0.435364825651737 0.235014200210571 20.9
0.100282835665509 317 0.43447809936804 0.253015041351318 20.9
0.0992828356655086 324 0.439524324204198 0.249014139175415 20.9
0.0982828356655085 327 0.437804154546267 0.250013828277588 20.9
0.0972828356655085 333 0.437387152718385 0.242013931274414 20.9
0.0962828356655085 334 0.439071622321025 0.262015104293823 20.9
0.0952828356655085 341 0.436098548177328 0.261015176773071 20.9
0.0942828356655085 344 0.43705099720474 0.245013952255249 20.9
0.0932828356655085 345 0.436776924630891 0.26601505279541 20.9
0.0922828356655085 350 0.439606767209385 0.255014181137085 20.9
0.0912828356655085 355 0.43959220913695 0.276015996932983 20.9
0.0902828356655085 359 0.437982952564363 0.259013891220093 20.9
0.0892828356655085 360 0.439544111029462 0.262014865875244 20.9
0.0882828356655085 364 0.438140080376777 0.29401707649231 20.9
0.0872828356655085 370 0.43532103420315 0.275016069412231 20.9
0.0862828356655085 376 0.437427647154522 0.285016059875488 20.9
0.0852828356655085 382 0.437953553253383 0.299016952514648 20.9
0.0842828356655085 386 0.43966247906235 0.261014938354492 20.9
0.0832828356655085 389 0.438468406510679 0.289016008377075 20.9
0.0822828356655085 394 0.43843620506343 0.263015031814575 20.9
0.0812828356655085 401 0.43848360562789 0.31401801109314 20.9
0.0802828356655085 404 0.439411494731556 0.281015872955322 20.9
0.0792828356655085 410 0.439294964736386 0.284015893936157 20.9
0.0782828356655085 414 0.437452792526826 0.282016038894653 20.9
0.0772828356655085 424 0.439514114787065 0.309017181396484 20.9
0.0762828356655085 426 0.440602222898098 0.318017959594727 20.9
0.0752828356655085 435 0.440977925065 0.311017990112305 20.9
0.0742828356655085 438 0.440514144833033 0.319018125534058 20.9
0.0732828356655085 444 0.438956651600272 0.327018976211548 20.9
0.0722828356655085 452 0.440713354055197 0.342019081115723 20.9
0.0712828356655085 458 0.440130925578037 0.339020013809204 20.9
0.0702828356655085 465 0.439842854202196 0.342019081115723 20.9
0.0692828356655085 472 0.438477658403616 0.362020969390869 20.9
0.0682828356655085 480 0.440452057654483 0.338018894195557 20.9
0.0672828356655085 486 0.440997945511504 0.347020149230957 20.9
0.0662828356655085 494 0.441229934554749 0.366020917892456 20.9
0.0652828356655085 502 0.438948193671284 0.370021104812622 20.9
0.0642828356655085 510 0.442025039887325 0.40302300453186 20.9
0.0632828356655085 518 0.441462656952585 0.433023929595947 20.9
0.0622828356655085 525 0.440868959664009 0.361021041870117 20.9
0.0612828356655085 537 0.441999170354676 0.4170241355896 20.9
0.0602828356655085 543 0.440895128909644 0.417022943496704 20.9
0.0592828356655085 554 0.440150246693696 0.384021997451782 20.9
0.0582828356655085 564 0.441819418165412 0.387022972106934 20.9
0.0572828356655085 574 0.440714664704383 0.433024883270264 20.9
0.0562828356655085 585 0.441847032733717 0.410023927688599 20.9
0.0552828356655085 599 0.442051196599308 0.413024187088013 20.9
0.0542828356655085 604 0.441399919636669 0.454025983810425 20.9
0.0532828356655085 621 0.441929469843314 0.425025224685669 20.9
0.0522828356655085 630 0.440910446113656 0.431024789810181 20.9
0.0512828356655085 643 0.442125205719207 0.465026140213013 20.9
0.0502828356655085 656 0.442239671612371 0.444025039672852 20.9
0.0492828356655085 671 0.442662948907096 0.486027956008911 20.9
0.0482828356655085 683 0.442816717264336 0.499029159545898 20.9
0.0472828356655085 701 0.443057008519346 0.510030031204224 20.9
0.0462828356655085 713 0.442629926526353 0.522030115127563 20.9
0.0452828356655085 731 0.441821137541449 0.532031059265137 20.9
0.0442828356655085 750 0.443660307392299 0.544030904769897 20.9
0.0432828356655085 766 0.443383501759682 0.57403302192688 20.9
0.0422828356655085 782 0.443214734688989 0.59403395652771 20.9
0.0412828356655085 804 0.443051679847172 0.611033916473389 20.9
0.0402828356655085 823 0.443254915760971 0.610034942626953 20.9
0.0392828356655085 844 0.443337233942826 0.607034921646118 20.9
0.0382828356655085 868 0.442855011679725 0.640036821365356 20.9
0.0372828356655085 890 0.443563953282527 0.655038118362427 20.9
0.0362828356655085 916 0.443760800253917 0.693038940429688 20.9
0.0352828356655085 944 0.443743248649545 0.712039947509766 20.9
0.0342828356655085 968 0.443330488968504 0.714040994644165 20.9
0.0332828356655085 1002 0.444583457509599 0.746042966842651 20.9
0.0322828356655085 1034 0.445159776241558 0.800045967102051 20.9
0.0312828356655085 1068 0.444109897611273 0.821047067642212 20.9
0.0302828356655085 1102 0.444373213300583 0.84004807472229 20.9
0.0292828356655085 1139 0.44411263422341 0.898051977157593 20.9
0.0282828356655085 1182 0.444654923418325 0.921051979064941 20.9
0.0272828356655085 1226 0.444238191220389 0.961054801940918 20.9
0.0262828356655085 1274 0.444834645099191 0.980056047439575 20.9
0.0252828356655085 1327 0.445011973757275 1.11306405067444 20.9
0.0242828356655085 1380 0.444880281535908 1.11806392669678 20.9
0.0232828356655085 1438 0.445289002425117 1.17506694793701 20.9
0.0222828356655085 1507 0.445528946213749 1.22006893157959 21
0.0212828356655085 1578 0.444702835983196 1.28007292747498 21
0.0202828356655085 1656 0.445547058528522 1.38707900047302 21
0.0192828356655085 1740 0.445948427942702 1.53808808326721 21
0.0182828356655085 1837 0.445429196489739 1.63109302520752 21
0.0172828356655085 1945 0.445773854534968 1.72909879684448 21
0.0162828356655085 2065 0.445568104366692 1.82110404968262 21
0.0152828356655085 2203 0.446369888324803 2.06911897659302 21
0.0142828356655085 2360 0.446205475824738 2.18312501907349 21
0.0132828356655085 2536 0.446110201727982 2.44814014434814 21
0.0122828356655085 2744 0.445971365903665 2.75815796852112 21.1
0.0112828356655085 2990 0.446440559826032 3.09417700767517 21.1
0.0102828356655085 3281 0.446258142567572 3.4771990776062 21.1
0.00928283566550847 3639 0.446814178018912 4.12623596191406 21.1
0.00828283566550847 4081 0.44672694660683 4.91728091239929 21.2
0.00728283566550847 4642 0.446710089769498 5.99734282493591 21.2
0.00628283566550847 5382 0.446886350237799 7.87744998931885 21.3
0.00528283566550847 6404 0.44692306832436 11.1466379165649 21.3
0.00428283566550847 7903 0.447131878144421 17.1969838142395 21.5
