"Granularity" "Nodes" "Straightness" "Duration" "Memory"
0 25 0.954965056126345 0.00300002098083496 27.7
0.695561898896465 26 0.935413708251279 0.050001859664917 27.7
0.688561898896465 27 0.917608666373845 0.0970051288604736 27.7
0.569561898896465 28 0.901749322564934 0.0690040588378906 27.7
0.557561898896465 29 0.890047963007256 0.0630040168762207 27.7
0.522561898896465 30 0.881368486026922 0.0670039653778076 27.7
0.469561898896465 31 0.872770868496096 0.0710039138793945 27.7
0.463561898896465 32 0.862966697643097 0.0670039653778076 27.7
0.458561898896465 33 0.855437098613421 0.0700039863586426 27.7
0.408561898896465 34 0.848655235815854 0.0790040493011475 27.7
0.379561898896465 35 0.842818348763699 0.0790050029754639 27.7
0.371561898896465 36 0.83743930529533 0.0780038833618164 27.7
0.370561898896465 37 0.832060587088152 0.0830049514770508 27.7
0.361561898896465 38 0.829388289724521 0.0790040493011475 27.7
0.351561898896465 39 0.824957366001337 0.0830049514770508 27.7
0.347561898896465 41 0.817748096431152 0.0840051174163818 27.7
0.346561898896465 42 0.81417964859431 0.0930049419403076 27.7
0.344561898896465 43 0.810028830315964 0.0860049724578857 27.7
0.334561898896465 44 0.806574900076942 0.0860049724578857 27.7
0.330561898896465 45 0.805953712331176 0.096005916595459 27.7
0.327561898896465 47 0.798981564840413 0.0900051593780518 27.7
0.321561898896465 48 0.796442496618701 0.116007089614868 27.7
0.315561898896465 49 0.792756200053768 0.095005989074707 27.7
0.312561898896465 50 0.789948911964787 0.0950047969818115 27.7
0.308561898896465 51 0.788873183813776 0.0980057716369629 27.7
0.304561898896465 52 0.785571433240603 0.09700608253479 27.7
0.302561898896465 53 0.783324440891027 0.174010038375854 27.7
0.284561898896465 54 0.781713658222137 0.105005979537964 27.7
0.278561898896465 55 0.779481794717078 0.102005958557129 27.7
0.277561898896465 56 0.777233522023402 0.102005958557129 27.7
0.275561898896465 57 0.775418435668926 0.114006042480469 27.7
0.272561898896465 59 0.770666558878521 0.108006000518799 27.7
0.268561898896465 60 0.771591850804449 0.106005907058716 27.7
0.260561898896465 61 0.770464098556572 0.106005907058716 27.7
0.246561898896465 63 0.769949659506222 0.125006914138794 27.7
0.243561898896465 64 0.767412597248119 0.112005949020386 27.7
0.240561898896465 68 0.768366996408755 0.116005897521973 27.7
0.234561898896465 71 0.767935819406081 0.133006811141968 27.7
0.231561898896465 73 0.765427257107807 0.118006944656372 27.7
0.229561898896465 74 0.763915760597135 0.120007038116455 27.7
0.227561898896465 75 0.763256276715651 0.11700701713562 27.7
0.223561898896465 76 0.764009713756832 0.120007038116455 27.7
0.222561898896465 78 0.761778232856862 0.13500714302063 27.7
0.219561898896465 79 0.762527496417174 0.124006986618042 27.7
0.218561898896465 82 0.759154161234865 0.13100790977478 27.7
0.217561898896465 83 0.758690615100583 0.146008968353271 27.7
0.215561898896465 84 0.758270935186631 0.134007930755615 27.7
0.213561898896465 85 0.757745921297017 0.130007028579712 27.7
0.211561898896465 86 0.756677770592506 0.128007173538208 27.7
0.210561898896465 89 0.755932760353166 0.146008014678955 27.7
0.208561898896465 91 0.756226635860067 0.137008190155029 27.7
0.205561898896465 92 0.75637201011452 0.140007972717285 27.7
0.204561898896465 93 0.75524068287197 0.146008014678955 27.7
0.202561898896465 94 0.75409663401537 0.136007070541382 27.7
0.201561898896465 96 0.753358545730325 0.14300799369812 27.7
0.198561898896465 97 0.752243953600343 0.140007972717285 27.7
0.196561898896465 98 0.751111797264918 0.159008979797363 27.7
0.189561898896465 99 0.750608494715699 0.18900990486145 27.7
0.188561898896465 100 0.751756077892217 0.146008014678955 27.7
0.187561898896465 101 0.751387633715197 0.154008150100708 27.7
0.185561898896465 103 0.752038611516653 0.159010171890259 27.7
0.184561898896465 104 0.751327273056843 0.152009010314941 27.7
0.183561898896465 105 0.751410059157741 0.155009031295776 27.7
0.181561898896465 108 0.751693112457985 0.161010026931763 27.7
0.180561898896465 109 0.752092570296489 0.154009103775024 27.7
0.178561898896465 110 0.75315714323298 0.158009052276611 27.7
0.175561898896465 111 0.752939085967794 0.152008056640625 27.7
0.174561898896465 112 0.752699604220857 0.170010089874268 27.7
0.173561898896465 115 0.751313649501471 0.160009145736694 27.7
0.171561898896465 116 0.750410524495138 0.166009902954102 27.7
0.166561898896465 117 0.749967245630423 0.159008979797363 27.7
0.165561898896465 118 0.750000359711417 0.162009000778198 27.7
0.164561898896465 121 0.752867906280218 0.170010089874268 27.7
0.163561898896465 124 0.751328735486387 0.168009996414185 27.7
0.162561898896465 126 0.750218166702234 0.19101095199585 27.7
0.161561898896465 127 0.751695980749772 0.170009136199951 27.7
0.160561898896465 129 0.751741390060796 0.177010774612427 27.7
0.159561898896465 131 0.753041249550799 0.177010059356689 27.7
0.158561898896465 132 0.752579242623255 0.174010038375854 27.7
0.157561898896465 133 0.752035842388802 0.183010816574097 27.7
0.156561898896465 135 0.75262269105267 0.176009893417358 27.7
0.154561898896465 137 0.752002611275688 0.175009965896606 27.7
0.152561898896465 140 0.751989213928865 0.195010900497437 27.7
0.150561898896465 141 0.751617237187407 0.188010931015015 27.7
0.148561898896465 143 0.752167537412653 0.177010059356689 27.7
0.147561898896465 144 0.751834706028452 0.18300986289978 27.7
0.145561898896465 147 0.751984732775998 0.217013120651245 27.7
0.144561898896465 148 0.752323210624058 0.195011854171753 27.7
0.143561898896465 150 0.752639693074843 0.196011066436768 27.7
0.141561898896465 152 0.751911134389091 0.218013048171997 27.7
0.140561898896465 154 0.751244966807389 0.194011926651001 27.7
0.139561898896465 156 0.752531538331055 0.20501184463501 27.7
0.138561898896465 159 0.751340961840842 0.19701099395752 27.7
0.137561898896465 161 0.751061034796731 0.194011211395264 27.7
0.136561898896465 162 0.7507070729723 0.200011014938354 27.7
0.135561898896465 164 0.75135691244013 0.199012041091919 27.7
0.133561898896465 168 0.751684168897143 0.203011989593506 27.7
0.131561898896465 169 0.75226176334063 0.211012125015259 27.7
0.130561898896465 172 0.75169644387157 0.195010900497437 27.7
0.128561898896465 173 0.751624709831497 0.207011938095093 27.7
0.127561898896465 174 0.752607607174297 0.207011938095093 27.7
0.126561898896465 175 0.75233699073942 0.209012031555176 27.7
0.125561898896465 178 0.752192062401137 0.207010984420776 27.7
0.124561898896465 179 0.75157621610107 0.216012954711914 27.7
0.123561898896465 184 0.75253598903877 0.215011835098267 27.7
0.122561898896465 186 0.753461801695542 0.227012872695923 27.7
0.121561898896465 189 0.752960818084809 0.219012975692749 27.7
0.120561898896465 192 0.753238109087887 0.221013069152832 27.7
0.119561898896465 195 0.754393435774687 0.225013017654419 27.7
0.118561898896465 196 0.754751358548971 0.230012893676758 27.7
0.117561898896465 197 0.75534870964191 0.231014013290405 27.7
0.116561898896465 201 0.754673370601657 0.243014097213745 27.7
0.115561898896465 204 0.753960651185519 0.245013952255249 27.7
0.114561898896465 205 0.75339726771141 0.247014045715332 27.7
0.113561898896465 206 0.753149002224587 0.229013204574585 27.7
0.111561898896465 209 0.753191854233603 0.231013059616089 27.7
0.109561898896465 212 0.754399655775028 0.239013910293579 27.7
0.108561898896465 217 0.753668502801799 0.244014024734497 27.7
0.107561898896465 220 0.755271146902931 0.253013849258423 27.7
0.106561898896465 222 0.754718709473083 0.278016090393066 27.7
0.105561898896465 226 0.753517306489335 0.258015155792236 27.7
0.104561898896465 230 0.755242434590328 0.250015020370483 27.7
0.103561898896465 233 0.754788838776959 0.265015840530396 27.7
0.102561898896465 235 0.755129204395244 0.262015104293823 27.7
0.101561898896465 238 0.755239051489169 0.289016008377075 27.7
0.100561898896465 242 0.75477087737167 0.253013849258423 27.7
0.0985618988964649 245 0.754708612311112 0.254014015197754 27.7
0.0975618988964649 248 0.754278076758633 0.268015146255493 27.7
0.0965618988964649 250 0.755115216217168 0.264014959335327 27.7
0.0955618988964649 255 0.756141944760417 0.285016059875488 27.7
0.0945618988964649 257 0.755830609298314 0.269016027450562 27.7
0.0935618988964649 263 0.756826509648447 0.296016931533813 27.7
0.0925618988964649 267 0.756523800671846 0.276015996932983 27.7
0.0915618988964649 271 0.75647413299452 0.316018104553223 27.7
0.0905618988964649 276 0.757102022031982 0.302017211914062 27.7
0.0895618988964649 280 0.757804612133745 0.315017938613892 27.7
0.0885618988964649 281 0.758193703002103 0.296016931533813 27.7
0.0875618988964649 287 0.758386464848536 0.306017875671387 27.7
0.0865618988964649 292 0.757742412453973 0.339019060134888 27.7
0.0855618988964649 296 0.757061898665091 0.31401801109314 27.7
0.0845618988964649 299 0.757429808854721 0.323019027709961 27.7
0.0835618988964649 303 0.757835599171369 0.311017990112305 27.7
0.0825618988964649 305 0.758238580278495 0.331017971038818 27.7
0.0815618988964649 313 0.758524725401455 0.319018840789795 27.7
0.0805618988964649 319 0.758693031203443 0.331018924713135 27.7
0.0795618988964649 327 0.759493642815103 0.338018894195557 27.7
0.0785618988964649 328 0.759335042893783 0.389021873474121 27.7
0.0775618988964649 332 0.759372301097441 0.357019901275635 27.7
0.0765618988964649 338 0.759609101589181 0.353019952774048 27.7
0.0755618988964649 341 0.759120811318252 0.359020948410034 27.7
0.0745618988964649 344 0.759991673882758 0.38302206993103 27.7
0.0735618988964649 351 0.760179664770201 0.367020845413208 27.7
0.0725618988964649 360 0.760481106118019 0.386022090911865 27.7
0.0715618988964649 365 0.760348021038056 0.3890221118927 27.7
0.0705618988964649 369 0.760300343396587 0.372020959854126 27.7
0.0695618988964649 379 0.760706874889283 0.396021842956543 27.7
0.0685618988964649 387 0.760857963570266 0.396022796630859 27.7
0.0675618988964649 391 0.760836597404906 0.393022060394287 27.7
0.0665618988964649 399 0.760939454658587 0.41102409362793 27.7
0.0655618988964649 408 0.760766592220283 0.413023948669434 27.7
0.0645618988964649 410 0.761164793889552 0.421023845672607 27.7
0.0635618988964649 416 0.762376160645585 0.487027168273926 27.7
0.0625618988964649 425 0.761362445877207 0.435024976730347 27.7
0.0615618988964649 434 0.762437141903098 0.440025091171265 27.7
0.0605618988964649 445 0.762485355983636 0.448025941848755 27.7
0.0595618988964649 461 0.763414178993505 0.522029876708984 27.7
0.0585618988964649 466 0.763713553233346 0.521029949188232 27.7
0.0575618988964649 475 0.763473925180332 0.493027925491333 27.7
0.0565618988964649 479 0.762850279828306 0.483027935028076 27.7
0.0555618988964649 485 0.762751840009652 0.506028890609741 27.7
0.0545618988964649 501 0.762633056079292 0.526031017303467 27.7
0.0535618988964649 512 0.763871757153611 0.52302885055542 27.7
0.0525618988964649 525 0.763745827379709 0.605035066604614 27.7
0.0515618988964649 534 0.764566236488119 0.562031984329224 27.7
0.0505618988964649 544 0.764492709991258 0.600034952163696 27.7
0.0495618988964649 557 0.764381143420892 0.580034017562866 27.7
0.0485618988964649 568 0.764487640733351 0.602034091949463 27.7
0.0475618988964649 583 0.765190445069168 0.645036935806274 27.7
0.0465618988964649 601 0.765419175929985 0.624036073684692 27.7
0.0455618988964649 615 0.765826821398189 0.642035961151123 27.7
0.0445618988964649 630 0.766079092410442 0.680037975311279 27.7
0.0435618988964649 648 0.766401759409479 0.673038005828857 27.7
0.0425618988964649 660 0.766021161278977 0.739042043685913 27.7
0.0415618988964649 675 0.766097791230263 0.750042915344238 27.7
0.0405618988964649 701 0.767065172035272 0.812046051025391 27.7
0.0395618988964649 717 0.767098113570764 0.841048955917358 27.7
0.0385618988964649 740 0.766924175884854 0.931052923202515 27.7
0.0375618988964649 757 0.7671667215346 0.849048137664795 27.7
0.0365618988964649 781 0.767542316853399 0.932054042816162 27.7
0.0355618988964649 807 0.767640566397346 0.951054096221924 27.7
0.0345618988964649 829 0.767776556059725 0.962054967880249 27.7
0.0335618988964649 859 0.768313050515242 1.0410590171814 27.7
0.0325618988964649 883 0.767936926317517 1.05706095695496 27.7
0.0315618988964649 917 0.768376563198354 1.09006190299988 27.7
0.0305618988964649 947 0.768909925483625 1.20406889915466 27.7
0.0295618988964649 985 0.769439744757433 1.2980740070343 27.8
0.0285618988964649 1019 0.769337330409398 1.29907488822937 27.8
0.0275618988964649 1059 0.769609875408398 1.38207912445068 27.8
0.0265618988964649 1100 0.769848407286092 1.44208288192749 27.8
0.0255618988964649 1147 0.769941605382633 1.57309007644653 27.8
0.0245618988964649 1199 0.770422905933998 1.63809418678284 27.8
0.0235618988964649 1249 0.770329851496679 1.71209812164307 27.8
0.0225618988964649 1310 0.770581534674032 1.78510212898254 27.8
0.0215618988964649 1372 0.770853595984424 1.89810800552368 27.8
0.0205618988964649 1446 0.771321423711816 2.0061149597168 27.8
0.0195618988964649 1518 0.771170571553445 2.18212509155273 27.8
0.0185618988964649 1603 0.771442949654533 2.38313603401184 27.8
0.0175618988964649 1701 0.771732975942114 2.57914686203003 27.8
0.0165618988964649 1809 0.772114956003491 2.86216402053833 27.8
0.0155618988964649 1930 0.772066319213592 3.12117910385132 27.8
0.0145618988964649 2071 0.772687023717208 3.53120183944702 27.8
0.0135618988964649 2226 0.772739700153686 3.86422109603882 27.9
0.0125618988964649 2411 0.773132057237483 4.19524002075195 27.9
0.0115618988964649 2620 0.77327906704106 4.87027907371521 27.9
0.0105618988964649 2876 0.773537672823721 5.7403290271759 27.9
0.00956189889646486 3187 0.773689930308097 6.73138499259949 27.9
0.00856189889646486 3566 0.773919716200806 8.15246605873108 28
0.00756189889646486 4047 0.77426008862845 10.1235790252686 28
0.00656189889646486 4679 0.774427667089573 12.9577407836914 28
0.00556189889646486 5525 0.774738298180298 18.0450329780579 28.1
0.00456189889646486 6753 0.775046478387279 27.0695490837097 28.2
