"Granularity" "Nodes" "Straightness" "Duration" "Memory"
0 25 0.979532721721712 0.198504447937012 2197.14403533936
0.704699289919615 26 0.972458562667061 12.0302624702454 3016.15509796143
0.669699289919615 27 0.96152117907686 6.57828783988953 3079.58581542969
0.580699289919615 28 0.95310580019442 7.25168323516846 3196.26405334473
0.570699289919615 29 0.946636590577941 7.28041386604309 3199.75202941895
0.535699289919615 30 0.939212835372925 7.39070725440979 3230.62954711914
0.497699289919615 31 0.941173711651218 7.80439949035645 3260.5910949707
0.469699289919615 32 0.937106591205984 7.55564141273499 3263.74066162109
0.445699289919615 33 0.930081818093058 7.59575057029724 3277.55323028564
0.421699289919615 34 0.931182198193473 7.64897012710571 3293.34944915771
0.412699289919615 35 0.933148421102231 7.74956870079041 3302.15310668945
0.401699289919615 36 0.930659915801989 7.76712131500244 3309.11884307861
0.386699289919615 37 0.927469721457646 7.84822392463684 3325.80718994141
0.380699289919615 38 0.929378412998234 7.79817628860474 3325.56825256348
0.379699289919615 39 0.92567846899046 15.1001954078674 3311.07196044922
0.378699289919615 40 0.925203427314428 15.2115998268127 3313.03301239014
0.374699289919615 41 0.923431929569156 7.80387783050537 3331.38079071045
0.371699289919615 42 0.924170316383916 7.7886917591095 3335.21899414062
0.367699289919615 43 0.921964360373029 7.81076574325562 3335.29857635498
0.356699289919615 45 0.921669590601774 7.78927206993103 3343.4889755249
0.351699289919615 46 0.919404466831 7.80633068084717 3351.01385498047
0.348699289919615 47 0.920119570581005 7.90046834945679 3357.27697753906
0.344699289919615 48 0.91936934549675 7.92374753952026 3359.54557037354
0.334699289919615 50 0.913352382002045 7.68900799751282 3368.8720703125
0.332699289919615 51 0.910971797712744 7.71532344818115 3369.46430206299
0.331699289919615 52 0.912683878525961 14.8268954753876 3350.36847686768
0.322699289919615 53 0.913532491584533 7.81971573829651 3384.07571411133
0.312699289919615 54 0.910146152204078 7.74414277076721 3384.71262359619
0.301699289919615 56 0.904892754629026 7.69512557983398 3391.51905059814
0.298699289919615 57 0.905937166891502 7.87622022628784 3391.61882781982
0.297699289919615 58 0.906753228319386 15.3053803443909 3385.41491699219
0.296699289919615 60 0.902316473589271 15.1885681152344 3381.34523010254
0.289699289919615 61 0.900702019499191 7.98616552352905 3412.49053192139
0.288699289919615 62 0.898729307710155 15.2143204212189 3389.23876190186
0.285699289919615 63 0.899602767218864 7.96495914459229 3414.7364730835
0.284699289919615 64 0.897914049775641 15.2151272296906 3394.45703887939
0.281699289919615 65 0.896723023250885 7.98842406272888 3418.92063903809
0.280699289919615 67 0.89753028853859 15.2494819164276 3397.84519958496
0.278699289919615 68 0.897221427999284 8.01170921325684 3418.69209289551
0.275699289919615 69 0.894863855373878 8.00261092185974 3425.65780639648
0.274699289919615 70 0.896365800297109 15.2316086292267 3404.46425628662
0.267699289919615 73 0.892619277512669 7.88528299331665 3436.24211120605
0.262699289919615 74 0.892017964201946 7.91109013557434 3444.74113464355
0.257699289919615 75 0.891946958513563 8.04697275161743 3459.1231918335
0.253699289919615 76 0.893368709059437 7.90317153930664 3451.18171691895
0.252699289919615 77 0.893617755434258 15.0119936466217 3426.74752807617
0.249699289919615 78 0.893164392369999 12.3232135772705 3902.73685455322
0.247699289919615 80 0.895298893708942 12.4056131839752 3904.86743927002
0.244699289919615 82 0.893792257259112 12.3309226036072 3910.63246917725
0.241699289919615 83 0.894356330189451 12.3822636604309 3916.79749298096
0.238699289919615 84 0.894033239497133 12.3894588947296 3915.84586334229
0.235699289919615 86 0.893470776904161 12.3860754966736 3923.09992980957
0.231699289919615 89 0.892437578330772 12.3894882202148 3924.26650238037
0.229699289919615 90 0.892407398439573 12.3912074565887 3926.98472595215
0.227699289919615 91 0.891329359931422 12.4320266246796 3931.24922943115
0.222699289919615 93 0.88909600119853 12.4539194107056 3934.73986816406
0.214699289919615 95 0.889379878017788 12.5314266681671 3943.50775146484
0.210699289919615 97 0.889652430934504 12.509162902832 3951.25347137451
0.207699289919615 98 0.889007765385468 12.4874122142792 3953.22623443604
0.205699289919615 99 0.890128899068443 12.4743859767914 3955.18160247803
0.200699289919615 103 0.887654723412463 12.6119773387909 3971.09851837158
0.198699289919615 107 0.891522511496759 12.6055245399475 3972.09587097168
0.194699289919615 111 0.89188626857956 13.1874301433563 3974.0520401001
0.192699289919615 114 0.89105766629804 13.2054710388184 3981.17430877686
0.190699289919615 117 0.891290670317807 12.5832767486572 3981.9761505127
0.187699289919615 120 0.890673904617882 12.7384424209595 3995.14215087891
0.185699289919615 124 0.892036140150589 12.6027579307556 3988.55605316162
0.183699289919615 126 0.891008123803289 12.6614673137665 3989.26248168945
0.179699289919615 127 0.891522956109958 12.7109417915344 3992.61660766602
0.177699289919615 130 0.892231158506768 12.7102217674255 3997.18793487549
0.175699289919615 132 0.89245697744125 12.7242562770844 4000.56150817871
0.173699289919615 135 0.893472274018851 12.6825158596039 4002.18788909912
0.171699289919615 137 0.893453806412285 12.7715384960175 4005.25207519531
0.168699289919615 138 0.894006607310526 12.7822954654694 4011.29972076416
0.166699289919615 140 0.892799488983506 13.350682258606 4012.30869293213
0.164699289919615 144 0.893397834331471 13.3586485385895 4016.45453643799
0.162699289919615 146 0.892672033540975 13.3609056472778 4018.70365905762
0.160699289919615 149 0.893386323832316 13.3957386016846 4025.25622558594
0.158699289919615 150 0.893270626568548 13.3789587020874 4024.31954956055
0.155699289919615 153 0.891712960740721 13.4924857616425 4037.48351287842
0.152699289919615 154 0.891330757857548 13.4109873771667 4041.41421508789
0.150699289919615 160 0.892635262420123 13.4654977321625 4042.00974273682
0.148699289919615 167 0.89213271086308 13.4948427677155 4045.71853637695
0.146699289919615 171 0.891667911456141 12.9459252357483 4049.32281494141
0.144699289919615 172 0.891273221174881 12.9533629417419 4050.99923706055
0.142699289919615 176 0.89126909820019 12.9568219184875 4057.01832580566
0.140699289919615 180 0.892402164987795 12.9607465267181 4056.74622344971
0.138699289919615 183 0.892733029451467 12.9213089942932 4061.75720214844
0.136699289919615 186 0.892949912518821 12.9793450832367 4066.66991424561
0.133699289919615 190 0.891540581762093 12.9654653072357 4071.4994430542
0.131699289919615 195 0.89265393515703 12.9777090549469 4074.54710388184
0.129699289919615 196 0.893098724111995 12.9916822910309 4077.19274139404
0.127699289919615 202 0.893019616027184 12.9725427627563 4081.03569030762
0.125699289919615 205 0.893252395954328 13.0243861675262 4082.53737640381
0.123699289919615 210 0.894192122915095 13.035614490509 4090.05931091309
0.121699289919615 215 0.894178184548832 13.1525118350983 4107.86810302734
0.119699289919615 221 0.894401420808663 13.0293731689453 4103.86294555664
0.117699289919615 231 0.895409577841443 13.1717844009399 4106.75205230713
0.115699289919615 237 0.895569648863744 13.1612305641174 4108.88893127441
0.113699289919615 241 0.895328283396699 13.2132585048676 4113.3221282959
0.111699289919615 243 0.895110984505638 13.1712002754211 4113.05892944336
0.109699289919615 248 0.894459613563727 13.1675570011139 4116.12612915039
0.107699289919615 252 0.894979458274564 13.2019140720367 4124.23719024658
0.105699289919615 255 0.894867236692535 13.2057135105133 4127.02761077881
0.103699289919615 261 0.894179304328177 13.2055838108063 4131.09752655029
0.101699289919615 266 0.894564047890325 13.2273142337799 4135.78260040283
0.099699289919615 275 0.895230948301446 13.1952466964722 4140.87701416016
0.097699289919615 286 0.896079740703993 13.828177690506 4146.43979644775
0.095699289919615 294 0.895102769490073 13.5775797367096 4157.5079498291
0.093699289919615 306 0.895426994556258 13.6264901161194 4160.94087982178
0.091699289919615 313 0.896167155677437 13.6205806732178 4160.53913879395
0.089699289919615 316 0.897029132692231 14.3220653533936 4163.39933776855
0.087699289919615 328 0.896354651265586 14.4383027553558 4176.57813262939
0.085699289919615 335 0.896572505754913 13.9068927764893 4169.11557006836
0.0836992899196149 344 0.89674771064435 13.9521582126617 4178.02165222168
0.0816992899196149 357 0.896888588522873 14.3721308708191 4181.15345001221
0.0796992899196149 367 0.897701986022889 14.4127178192139 4183.15177154541
0.0776992899196149 376 0.896966174300151 14.4574677944183 4195.44276428223
0.0756992899196149 387 0.897733365229135 14.3661983013153 4196.95184326172
0.0736992899196149 405 0.897399457336361 13.9999139308929 4201.65678405762
0.0716992899196149 413 0.897369265543546 14.0134305953979 4204.92850494385
0.0696992899196149 428 0.89794791300044 14.095362663269 4208.43983459473
0.0676992899196149 440 0.898291333004115 14.2981443405151 4214.02923583984
0.0656992899196149 461 0.897797536523692 13.7409384250641 4218.39253234863
0.0636992899196149 472 0.897898788681769 13.7359025478363 4220.4197769165
0.0616992899196149 489 0.898760302141673 13.8246893882751 4231.32944488525
0.0596992899196149 514 0.899168527440374 14.1592767238617 4234.74513244629
0.0576992899196149 536 0.899313597101416 13.9002454280853 4240.75878143311
0.0556992899196149 556 0.899417328200086 14.0243356227875 4246.77200317383
0.0536992899196149 577 0.899696763671697 14.0847144126892 4252.6138381958
0.0516992899196149 599 0.899289854361598 14.8270094394684 4262.38659667969
0.0496992899196149 633 0.900265219458025 14.7120499610901 4261.84321594238
0.0476992899196149 660 0.899958067515277 14.1626808643341 4265.26350402832
0.0456992899196149 693 0.90022671798059 14.207861661911 4276.19760894775
0.0436992899196149 724 0.900456173291571 14.3683552742004 4274.16570281982
0.0416992899196149 765 0.900430279221993 14.4559826850891 4270.74561309814
0.0396992899196149 809 0.901291287603324 14.4694006443024 4276.13590240479
0.0376992899196149 852 0.901105701945705 14.8497438430786 4263.22797393799
