"Granularity" "Nodes" "Straightness" "Duration" "Memory"
0 50 0.949499192473854 0.06304931640625 2342.5546875
0.660154786989676 51 0.938144062231663 0.163511753082275 2306.77816772461
0.439154786989676 52 0.929367435021779 0.971215724945068 2581.32490539551
0.433154786989676 53 0.922858995273902 1.05332970619202 2593.85070800781
0.430154786989676 54 0.917120547601059 1.08348107337952 2562.58650970459
0.424154786989676 55 0.912219474402519 1.15244126319885 2602.23513031006
0.380154786989676 56 0.908016542916223 1.83525848388672 2607.41972351074
0.338154786989676 57 0.903186539325862 2.62215948104858 2684.20260620117
0.332154786989676 58 0.89969584418455 2.75321578979492 2681.00029754639
0.330154786989676 59 0.896580143280045 2.80184817314148 2668.00071716309
0.329154786989676 60 0.891044372044327 5.22657632827759 2657.97676086426
0.328154786989676 61 0.888623652934631 5.26391267776489 2668.94588470459
0.310154786989676 62 0.88656676089195 3.27138948440552 2703.49116516113
0.307154786989676 63 0.883760003267868 3.4858193397522 2716.72640228271
0.300154786989676 64 0.88088320850162 3.53795623779297 2712.69888305664
0.296154786989676 65 0.879237708204375 3.61912083625793 2728.85823822021
0.288154786989676 66 0.87643840184992 3.96512198448181 2751.78099822998
0.286154786989676 67 0.873450884946842 3.88306546211243 2739.00333404541
0.283154786989676 68 0.870780298761446 3.95441246032715 2743.81285858154
0.282154786989676 69 0.868069451381669 7.45953774452209 2731.28156280518
0.281154786989676 70 0.865431112465274 7.5152599811554 2731.86447143555
0.274154786989676 72 0.861992256174051 4.19965004920959 2756.22978973389
0.269154786989676 74 0.857748161019904 4.33926582336426 2765.86620330811
0.268154786989676 75 0.856992679214543 8.23489856719971 2748.82054138184
0.266154786989676 76 0.856177196271323 4.44390892982483 2772.39332580566
0.264154786989676 77 0.85408140536458 4.5159478187561 2776.33097076416
0.263154786989676 78 0.850731588856844 8.33553814888 2756.25483703613
0.259154786989676 79 0.849916876048819 4.49114155769348 2780.73567962646
0.255154786989676 80 0.848444428928371 4.56399726867676 2779.92741394043
0.253154786989676 81 0.847015054836788 4.60137343406677 2791.04907226562
0.250154786989676 82 0.845544440118672 4.639235496521 2794.24681854248
0.246154786989676 83 0.845424825315539 4.64714670181274 2802.89238739014
0.244154786989676 84 0.844318223648647 4.71668744087219 2809.86039733887
0.239154786989676 85 0.843761117939599 4.80413961410522 2822.7748260498
0.236154786989676 86 0.843090344554339 4.8342502117157 2817.57529449463
0.230154786989676 87 0.842276490812836 4.98018312454224 2837.47966003418
0.228154786989676 88 0.842120891966726 4.94488501548767 2834.75584411621
0.225154786989676 90 0.839810567939151 5.03596997261047 2834.95903015137
0.224154786989676 92 0.837508704867631 9.40408062934875 2812.39594268799
0.221154786989676 94 0.835800293406271 5.16747331619263 2850.78442382812
0.220154786989676 96 0.834558555407566 9.56353759765625 2824.76007080078
0.219154786989676 99 0.830753082017547 9.58052802085876 2826.29065704346
0.218154786989676 100 0.830202874430649 9.68917059898376 2826.19469451904
0.216154786989676 101 0.829162346491847 5.24985337257385 2857.93002319336
0.215154786989676 103 0.827673988302505 9.78362560272217 2832.65528106689
0.212154786989676 104 0.826916690986087 5.32310104370117 2861.42293548584
0.210154786989676 106 0.826789879167725 5.35356473922729 2866.09449768066
0.209154786989676 107 0.826394376511555 9.95227766036987 2843.15798950195
0.206154786989676 109 0.825566395583821 5.50604152679443 2881.14261627197
0.204154786989676 110 0.824818134826768 5.4666383266449 2880.85173034668
0.203154786989676 111 0.824472383202218 10.1952209472656 2859.69543457031
0.202154786989676 112 0.823969335949451 10.2081670761108 2857.13022613525
0.200154786989676 113 0.823123440148021 5.54543519020081 2889.52870941162
0.197154786989676 114 0.822997009233257 5.59362530708313 2901.88631439209
0.196154786989676 115 0.823042802043006 10.4772818088531 2867.30833435059
0.190154786989676 116 0.822467253809976 5.74138474464417 2903.93043518066
0.189154786989676 117 0.822482848070938 10.6181020736694 2879.98600769043
0.188154786989676 119 0.819738709112666 10.6605181694031 2880.9292678833
0.187154786989676 120 0.818899793077945 10.6650650501251 2883.43745422363
0.186154786989676 121 0.818704028171458 10.7463366985321 2881.12877655029
0.185154786989676 122 0.819020596495607 10.788104057312 2883.03327941895
0.183154786989676 124 0.818679318994318 5.86059594154358 2920.52383422852
0.182154786989676 125 0.818385025460308 10.866828918457 2887.86328887939
0.179154786989676 127 0.817104016154773 6.00357007980347 2928.53520965576
0.178154786989676 129 0.817809966825552 11.0234897136688 2901.76252746582
0.177154786989676 132 0.817528396174371 11.1707615852356 2909.51176452637
0.176154786989676 133 0.816866969941392 11.1335232257843 2901.31705474854
0.174154786989676 134 0.816949669645217 6.14756274223328 2941.403175354
0.173154786989676 135 0.816295010908443 11.2224025726318 2909.69551086426
0.172154786989676 137 0.81581575293955 11.3010923862457 2918.00778198242
0.171154786989676 138 0.815536833179793 11.3260111808777 2912.01505279541
0.170154786989676 139 0.815111293320774 11.3960037231445 2916.27422332764
0.169154786989676 141 0.813868255587042 11.4269671440125 2917.73025512695
0.168154786989676 142 0.813710423892322 11.4208388328552 2918.21472930908
0.167154786989676 144 0.813630003367977 11.5212635993958 2924.48714447021
0.166154786989676 145 0.813443955966278 11.8681395053864 2935.12088012695
0.165154786989676 147 0.813081714867797 11.619247674942 2936.04747009277
0.164154786989676 150 0.811772136391699 11.6339147090912 2931.40800476074
0.163154786989676 152 0.811781680013858 11.7106802463531 2942.65216827393
0.162154786989676 153 0.811969585187638 11.686304807663 2937.6177520752
0.161154786989676 155 0.811711182226085 11.498122215271 2935.82285308838
0.159154786989676 156 0.811743642900886 6.30922651290894 2974.94491577148
0.157154786989676 157 0.811601082431554 6.33123445510864 2979.82958984375
0.155154786989676 158 0.811648476337303 6.35644936561584 2980.53955841064
0.153154786989676 162 0.811188317534958 6.46576905250549 2996.15632629395
0.152154786989676 165 0.811042448004121 11.6844046115875 2957.82782745361
0.151154786989676 166 0.810798140562494 11.817305803299 2966.1994934082
0.150154786989676 169 0.810517516955586 11.8482348918915 2961.83214569092
0.149154786989676 171 0.809997191238805 11.8699495792389 2965.95534515381
0.147154786989676 175 0.810542978015797 6.55856251716614 3004.47297668457
0.146154786989676 180 0.809032300767918 12.0030589103699 2969.45788574219
0.145154786989676 182 0.809345469389538 12.0226585865021 2972.35569000244
0.144154786989676 183 0.808967482200503 12.04625248909 2974.88622283936
0.143154786989676 185 0.808539353890255 12.1396114826202 2982.5271987915
0.142154786989676 186 0.808402684762112 12.0958020687103 2978.64137268066
0.141154786989676 188 0.808236886710898 12.1715116500854 2977.25424194336
0.140154786989676 194 0.80840796375903 12.2601296901703 2984.81713867188
0.139154786989676 195 0.808458697659378 12.2612538337708 2986.70419311523
0.137154786989676 198 0.808014798353966 6.77711796760559 3030.85322570801
0.136154786989676 199 0.807975666637053 12.3613483905792 2993.22479248047
0.135154786989676 202 0.807365646592094 12.3603193759918 2994.52857208252
0.134154786989676 207 0.806893760929036 14.0920662879944 3015.4624710083
0.133154786989676 210 0.806914852789577 12.6623649597168 2992.64768981934
0.132154786989676 213 0.806539019609954 12.4156360626221 3004.68216705322
0.131154786989676 215 0.805574253389756 12.4869449138641 3007.34938049316
0.130154786989676 217 0.80558814940173 12.5599157810211 3010.4893951416
0.129154786989676 219 0.805761118148382 12.5929543972015 3010.61602783203
0.128154786989676 220 0.806265539795237 12.6186246871948 3011.55683898926
0.127154786989676 222 0.806160724642497 12.6346533298492 3012.40049743652
0.126154786989676 223 0.805985482106424 12.6462745666504 3020.30159759521
0.125154786989676 225 0.806087477975975 12.6994607448578 3021.74156188965
0.124154786989676 228 0.806312409733632 12.7832851409912 3029.01593017578
0.123154786989676 231 0.806496775848551 12.7918462753296 3027.69630432129
0.122154786989676 235 0.80593722528699 12.7944900989532 3026.30741119385
0.121154786989676 236 0.805786450937654 12.8251783847809 3026.91633605957
0.120154786989676 237 0.806245878333463 12.8559684753418 3033.43519592285
0.119154786989676 240 0.805253913732917 12.8604333400726 3036.26988220215
0.118154786989676 245 0.805875183859858 12.9618442058563 3040.70579528809
0.116154786989676 248 0.806587953196618 7.32374238967896 3086.40311431885
0.115154786989676 249 0.806635735043806 13.1994795799255 3051.31168365479
0.114154786989676 252 0.806858936726414 13.1058962345123 3048.10585021973
0.112154786989676 263 0.806565202691427 7.42006087303162 3096.63203430176
0.111154786989676 266 0.807038034527161 13.2759144306183 3057.98890686035
0.110154786989676 272 0.807108605991362 13.3259601593018 3059.50379180908
0.109154786989676 278 0.806328515433894 13.8161869049072 3063.55418395996
0.108154786989676 283 0.806379018252931 13.9037115573883 3062.29621124268
0.107154786989676 290 0.806032266408083 14.0568110942841 3071.14791107178
0.106154786989676 292 0.806133993471761 13.9523115158081 3069.34131622314
0.105154786989676 296 0.806403334692842 13.9745032787323 3074.07985687256
0.104154786989676 297 0.80644021837324 14.0624802112579 3077.05317687988
0.103154786989676 301 0.806962594896424 14.0972118377686 3075.97261810303
0.102154786989676 305 0.806816736327915 14.1753504276276 3076.15451812744
0.101154786989676 310 0.806337311053158 14.1583666801453 3080.01470184326
0.100154786989676 313 0.806360064035664 14.3032431602478 3084.09879302979
0.0991547869896758 314 0.806213289829401 14.2435116767883 3089.73457336426
0.0981547869896758 319 0.807150226964939 14.3113377094269 3089.02713012695
0.0971547869896758 322 0.807529633628842 14.3325414657593 3089.338722229
0.0961547869896758 327 0.807495475653804 14.3906588554382 3094.29990386963
0.0951547869896758 331 0.807231566357798 14.3673658370972 3096.72203826904
0.0941547869896758 338 0.806518176440338 14.5083775520325 3102.59239196777
0.0931547869896758 345 0.806636439303126 14.4218335151672 3104.67485809326
0.0921547869896758 347 0.806892327222906 14.4762632846832 3107.45463562012
0.0911547869896758 352 0.807145615908003 14.5634522438049 3112.71145629883
0.0901547869896758 354 0.807301790234139 14.601710319519 3114.94303131104
0.0891547869896758 362 0.807397561359967 14.587521314621 3116.8130645752
0.0881547869896758 371 0.807791394554766 14.740257024765 3122.02663421631
0.0871547869896758 378 0.807188967427902 14.7016336917877 3121.16426849365
0.0861547869896758 381 0.807241709673718 14.7634234428406 3128.98121643066
0.0851547869896758 388 0.807277286587947 14.8317787647247 3129.22277832031
0.0841547869896758 397 0.807448412735188 14.8366808891296 3133.71593475342
0.0831547869896759 402 0.807827639142416 14.9072654247284 3132.54376220703
0.0821547869896759 408 0.807414096119609 15.0519461631775 3138.70220184326
0.0811547869896759 414 0.807831445698275 14.962146282196 3145.04951477051
0.0801547869896759 421 0.808252172707459 15.0284078121185 3143.13916778564
0.0791547869896759 422 0.808285081264443 15.0094132423401 3148.01941680908
0.0781547869896759 429 0.808092954104496 15.0805203914642 3149.62593841553
0.0771547869896759 434 0.807965341891848 15.1387476921082 3154.55655670166
0.0761547869896759 446 0.808224146692691 15.2636067867279 3163.52592468262
0.0751547869896759 456 0.808896961128782 15.2358849048615 3159.06680297852
0.0741547869896759 465 0.809243288105342 15.2670390605927 3160.60169219971
0.0731547869896759 477 0.80950308109557 15.3129324913025 3163.96145629883
0.0721547869896759 485 0.80961121636424 15.4291749000549 3168.47425079346
0.0711547869896759 491 0.809767794338575 15.4431111812592 3169.95519256592
0.0701547869896759 502 0.810180394915658 15.5258467197418 3179.37734222412
0.0691547869896759 508 0.809963336908332 15.5567605495453 3176.97123718262
0.0681547869896759 516 0.809913036210273 15.6212031841278 3182.53061676025
0.0671547869896759 527 0.809879709536033 15.6547281742096 3184.69466400146
0.0661547869896759 538 0.80970078639658 15.7341556549072 3187.48783874512
0.0651547869896759 550 0.810018247477895 15.8385856151581 3192.94814300537
0.0641547869896759 560 0.810605067954498 15.8824753761292 3190.53063964844
0.0631547869896759 565 0.810574071565596 15.8911368846893 3194.51400756836
0.0621547869896759 576 0.810277491940189 15.93248295784 3204.29206848145
0.0611547869896759 587 0.810159333624518 16.0405285358429 3206.76998901367
0.0601547869896759 599 0.810532120896461 16.0189499855042 3203.37195587158
0.0591547869896759 613 0.810451590185651 16.1163716316223 3207.7087097168
0.0581547869896759 625 0.81124640964061 16.230046749115 3206.46521759033
0.0571547869896759 637 0.811289202523307 16.2543349266052 3213.93316650391
0.0561547869896759 657 0.811699127654282 16.3815953731537 3216.65376281738
0.0551547869896759 670 0.812230957022836 16.4949815273285 3210.67950439453
0.0541547869896759 687 0.811942508811951 16.5482070446014 3226.08145904541
0.0531547869896759 705 0.812375080465081 16.3956432342529 3227.94103240967
0.0521547869896759 717 0.812339269447635 16.5814564228058 3234.28816986084
0.0511547869896759 734 0.812543598953462 16.602059841156 3231.59902191162
0.0501547869896759 753 0.812854190725454 16.6714911460876 3235.68865966797
0.0491547869896759 769 0.813138918971721 16.8165094852448 3241.4324798584
0.0481547869896759 788 0.813292450858123 16.9127018451691 3239.66000366211
0.0471547869896759 806 0.813198958065305 16.7581255435944 3253.05075836182
0.0461547869896759 826 0.813621755075748 16.9615657329559 3250.27531433105
0.0451547869896759 846 0.813530671362843 17.1625392436981 3249.21425628662
0.0441547869896759 875 0.814249238769127 17.2529258728027 3251.62187957764
0.0431547869896759 899 0.814170705909081 17.3099310398102 3260.20337677002
0.0421547869896759 919 0.813944230229252 17.455953836441 3258.4998626709
0.0411547869896759 949 0.814642334081941 17.3615653514862 3273.20769500732
0.0401547869896759 978 0.815146494945765 17.609735250473 3272.37710571289
0.0391547869896759 1002 0.814997903482559 17.7236051559448 3285.01366424561
0.0381547869896759 1028 0.815232480911877 17.8456108570099 3282.82399749756
0.0371547869896759 1064 0.815312481826322 18.1138973236084 3277.06990814209
0.0361547869896759 1101 0.815752235066564 18.1313021183014 3294.25494384766
0.0351547869896759 1135 0.815830318646145 18.3781106472015 3298.76927185059
0.0341547869896759 1164 0.815805776522263 18.9159553050995 3277.32849121094
0.0331547869896759 1209 0.816190571041602 18.7987303733826 3288.32607269287
0.0321547869896759 1260 0.816909671785128 19.1273758411407 3288.17004394531
0.0311547869896759 1304 0.816938026590112 19.6336958408356 3280.99514770508
0.0301547869896759 1341 0.817069276149899 19.5007174015045 3302.60594177246
0.0291547869896759 1397 0.817053203013233 19.8035039901733 3298.09217834473
0.0271547869896759 1509 0.817702508964726 13.9403190612793 3344.92657470703
0.0251547869896759 1640 0.818081923716709 14.3867256641388 3353.76961517334
0.0231547869896759 1796 0.818405437768822 15.1821343898773 3364.64653778076
0.0211547869896759 1982 0.81909636373725 18.3817186355591 3770.7126159668
0.0191547869896759 2204 0.819684109311466 18.9689874649048 3817.97455596924
0.0171547869896759 2476 0.820193891537889 19.9478816986084 3835.5113067627
