"Granularity" "Nodes" "Straightness" "Duration" "Memory"
0 10 0.994316304303661 0 21.9
0.751484558091095 11 0.951522394946965 0.0155999660491943 21.9
0.697484558091095 12 0.923070040802855 0.0155999660491943 21.9
0.675484558091096 13 0.900291748065331 0.0155999660491943 21.9
0.504484558091095 14 0.869279871704368 0.0155999660491943 21.9
0.500484558091095 15 0.84896983923812 0.0312001705169678 21.9
0.465484558091095 16 0.835108288511054 0.0312001705169678 21.9
0.449484558091095 17 0.824432997194437 0.0311999320983887 21.9
0.410484558091095 18 0.834186719572524 0.0311999320983887 21.9
0.375484558091095 19 0.823749184830658 0.0312001705169678 21.9
0.362484558091095 20 0.830208090479054 0.0312001705169678 21.9
0.348484558091095 22 0.829357611174353 0.0312001705169678 21.9
0.347484558091095 23 0.821216684401413 0.0311999320983887 21.9
0.340484558091095 25 0.819063422338715 0.0312001705169678 21.9
0.337484558091095 26 0.813213400867337 0.0468001365661621 21.9
0.336484558091095 27 0.804352078534358 0.0311999320983887 21.9
0.335484558091095 28 0.796826060468346 0.0311999320983887 21.9
0.309484558091095 29 0.803832058383231 0.0468001365661621 21.9
0.300484558091095 30 0.798326435243585 0.046799898147583 21.9
0.294484558091095 31 0.797311797755053 0.0468010902404785 21.9
0.289484558091095 32 0.802911035909387 0.0468001365661621 21.9
0.278484558091095 33 0.798267616641603 0.046799898147583 21.9
0.273484558091095 34 0.804200922034497 0.0312001705169678 21.9
0.269484558091096 35 0.800804165519252 0.046799898147583 21.9
0.256484558091095 36 0.806324260534635 0.046799898147583 21.9
0.251484558091095 37 0.80114362668688 0.0468001365661621 21.9
0.250484558091095 38 0.796596114601499 0.0623998641967773 21.9
0.241484558091095 40 0.805680729663438 0.046799898147583 21.9
0.232484558091095 42 0.80751740367235 0.046799898147583 21.9
0.231484558091095 43 0.805664171095932 0.0468001365661621 21.9
0.227484558091095 44 0.810080894480115 0.0623998641967773 21.9
0.226484558091095 45 0.80794784726676 0.0468001365661621 21.9
0.224484558091095 46 0.805904874808065 0.046799898147583 21.9
0.223484558091095 48 0.799218611596014 0.0624001026153564 21.9
0.214484558091095 49 0.796040001332839 0.046799898147583 21.9
0.206484558091095 50 0.800119201306182 0.046799898147583 21.9
0.204484558091095 51 0.804038432653119 0.0468001365661621 21.9
0.201484558091095 52 0.800093478430005 0.0468010902404785 21.9
0.199484558091095 53 0.797967796326037 0.046799898147583 21.9
0.195484558091095 54 0.797681835219885 0.0623998641967773 21.9
0.192484558091095 56 0.799284992400864 0.0624001026153564 21.9
0.187484558091095 57 0.79666867701655 0.0624010562896729 21.9
0.180484558091095 58 0.799446907885926 0.0468001365661621 21.9
0.174484558091096 60 0.800843071070015 0.0468001365661621 21.9
0.173484558091096 61 0.800028862719457 0.0623998641967773 21.9
0.170484558091096 63 0.806370171648112 0.0623998641967773 21.9
0.169484558091096 64 0.804865732970643 0.0624001026153564 21.9
0.168484558091096 65 0.803285271298962 0.0623998641967773 21.9
0.167484558091096 67 0.799615274324318 0.0623998641967773 21.9
0.166484558091096 68 0.797283669812639 0.0780000686645508 21.9
0.163484558091096 69 0.800221587641441 0.0780000686645508 21.9
0.160484558091096 70 0.803075564960849 0.0624001026153564 21.9
0.155484558091096 71 0.804394779212089 0.0624010562896729 21.9
0.154484558091096 73 0.805359375773966 0.0936000347137451 21.9
0.151484558091096 74 0.806460222941019 0.0623998641967773 21.9
0.149484558091096 76 0.802897367736103 0.0624001026153564 21.9
0.148484558091096 77 0.801232084365226 0.0624001026153564 21.9
0.146484558091096 78 0.801091356490015 0.0624001026153564 21.9
0.144484558091096 80 0.805276872955783 0.0624001026153564 21.9
0.143484558091096 81 0.803030265611442 0.0779998302459717 21.9
0.141484558091096 82 0.80543233554301 0.0780000686645508 21.9
0.139484558091096 84 0.806215174444572 0.0780000686645508 21.9
0.138484558091095 85 0.805350542590058 0.0779998302459717 21.9
0.136484558091095 88 0.808047574958196 0.0624001026153564 21.9
0.135484558091095 89 0.807092355819094 0.0780007839202881 21.9
0.134484558091095 91 0.804819539443773 0.0780000686645508 21.9
0.128484558091095 92 0.80693638820054 0.0936000347137451 21.9
0.126484558091095 93 0.805683360123473 0.0936000347137451 21.9
0.125484558091095 94 0.803818338444989 0.0780000686645508 21.9
0.124484558091095 95 0.802158462451067 0.0779998302459717 21.9
0.123484558091095 96 0.804219311800535 0.0780000686645508 21.9
0.122484558091095 97 0.803291162281868 0.0780000686645508 21.9
0.120484558091095 99 0.806847167183757 0.109201192855835 21.9
0.117484558091095 100 0.806719552932482 0.0936000347137451 21.9
0.116484558091095 101 0.80863322072523 0.093599796295166 21.9
0.115484558091095 106 0.809021220950495 0.093599796295166 21.9
0.113484558091095 108 0.81007547473232 0.0780010223388672 21.9
0.112484558091095 109 0.809156660525612 0.0779998302459717 21.9
0.111484558091095 112 0.805800744305336 0.0780010223388672 21.9
0.106484558091095 114 0.80344351200664 0.0936000347137451 21.9
0.105484558091095 115 0.80500199755419 0.093599796295166 21.9
0.103484558091095 118 0.806467550241057 0.0936000347137451 21.9
0.102484558091095 121 0.811262351155539 0.0780000686645508 21.9
0.100484558091095 123 0.810405322005782 0.0936000347137451 21.9
0.0994845580910955 126 0.80963380598374 0.0936009883880615 21.9
0.0984845580910955 127 0.809167904869811 0.109200000762939 21.9
0.0974845580910955 129 0.810546617695944 0.0936000347137451 21.9
0.0964845580910955 133 0.8117733480104 0.093599796295166 21.9
0.0954845580910955 134 0.811106525735911 0.109200000762939 21.9
0.0944845580910955 135 0.812505736656386 0.0936000347137451 21.9
0.0934845580910955 136 0.811264698242248 0.0936000347137451 21.9
0.0924845580910955 137 0.810326953695181 0.109200954437256 21.9
0.0914845580910955 138 0.809109743182291 0.0936000347137451 21.9
0.0904845580910955 140 0.811543139833472 0.140400171279907 21.9
0.0894845580910955 142 0.810363427605908 0.109200954437256 21.9
0.0884845580910955 143 0.81168955748279 0.0936000347137451 21.9
0.0874845580910955 144 0.81059382772947 0.109200954437256 21.9
0.0864845580910955 147 0.810712191785472 0.124799966812134 21.9
0.0854845580910955 148 0.811988295660141 0.109200000762939 21.9
0.0844845580910955 150 0.812763766458183 0.0936000347137451 21.9
0.0834845580910955 155 0.809184188314696 0.109200000762939 21.9
0.0824845580910955 156 0.810273117802796 0.0936009883880615 21.9
0.0814845580910954 158 0.810727557432413 0.109200000762939 21.9
0.0804845580910954 160 0.812836993769654 0.124799966812134 21.9
0.0784845580910954 162 0.811173909166349 0.109200000762939 21.9
0.0774845580910954 167 0.812372202402832 0.124800205230713 21.9
0.0764845580910954 168 0.812066948011265 0.124799966812134 21.9
0.0754845580910954 171 0.813197556752823 0.140400886535645 21.9
0.0744845580910954 176 0.811711602835049 0.124799966812134 21.9
0.0734845580910954 178 0.811059150802032 0.124799966812134 21.9
0.0724845580910954 180 0.812928442847581 0.140399932861328 21.9
0.0714845580910954 183 0.8119944172785 0.124799966812134 21.9
0.0704845580910954 185 0.812439424313882 0.140401124954224 21.9
0.0694845580910954 189 0.813341986423911 0.155999898910522 21.9
0.0684845580910954 191 0.815296520597482 0.140400171279907 21.9
0.0674845580910954 196 0.81544830901936 0.140400886535645 21.9
0.0664845580910954 199 0.813405768091817 0.140400171279907 21.9
0.0654845580910954 201 0.814143810847306 0.124799966812134 21.9
0.0644845580910954 202 0.813329779976295 0.156001091003418 21.9
0.0634845580910954 207 0.813519986865691 0.140399932861328 21.9
0.0624845580910954 213 0.813988353867904 0.155999898910522 21.9
0.0614845580910954 216 0.815318802264155 0.156001091003418 21.9
0.0604845580910954 221 0.815138913848622 0.155999898910522 21.9
0.0594845580910954 223 0.815038593166498 0.140400171279907 21.9
0.0584845580910954 227 0.814577564167045 0.156000852584839 21.9
0.0574845580910954 232 0.814574234726568 0.171599864959717 21.9
0.0564845580910954 236 0.816606985448691 0.156000137329102 21.9
0.0554845580910954 244 0.814868930681437 0.171601057052612 21.9
0.0544845580910954 245 0.815624567699064 0.171599864959717 21.9
0.0534845580910954 252 0.815291280075144 0.156000137329102 21.9
0.0524845580910954 256 0.816617220854369 0.18720006942749 21.9
0.0514845580910954 264 0.816117143659583 0.187201023101807 21.9
0.0504845580910954 268 0.817173119619689 0.202800035476685 21.9
0.0494845580910954 274 0.81591146936404 0.18720006942749 21.9
0.0484845580910954 277 0.816260608729531 0.202800989151001 21.9
0.0474845580910955 287 0.816877150727801 0.23400092124939 21.9
0.0464845580910955 293 0.817373694254246 0.171600103378296 21.9
0.0454845580910955 298 0.81722702602558 0.202800035476685 21.9
0.0444845580910955 307 0.81694861645526 0.218400001525879 21.9
0.0434845580910955 314 0.816862846401643 0.202800989151001 21.9
0.0424845580910955 322 0.818356035890426 0.218400001525879 21.9
0.0414845580910955 329 0.816772818829817 0.218400001525879 21.9
0.0404845580910955 339 0.817813523841086 0.218400001525879 21.9
0.0394845580910955 349 0.817576891874009 0.23400092124939 21.9
0.0384845580910955 360 0.818092741119666 0.23400092124939 21.9
0.0374845580910955 367 0.817924157800934 0.218400955200195 21.9
0.0364845580910955 380 0.818189474099421 0.265199899673462 21.9
0.0354845580910955 390 0.818657661292924 0.249599933624268 21.9
0.0344845580910955 404 0.819003514861645 0.265200138092041 21.9
0.0334845580910955 415 0.819061328577103 0.265199899673462 21.9
0.0324845580910955 428 0.818888233702696 0.280800819396973 21.9
0.0314845580910955 443 0.819560713711754 0.280800819396973 21.9
0.0304845580910955 456 0.818611365981734 0.280800819396973 21.9
0.0294845580910955 473 0.819806225622708 0.31200098991394 21.9
0.0284845580910955 489 0.819497382742783 0.31200098991394 21.9
0.0274845580910955 509 0.819950838001499 0.358800888061523 21.9
0.0264845580910955 529 0.819894228756515 0.296400785446167 21.9
0.0254845580910955 551 0.82048943796942 0.42120099067688 21.9
0.0244845580910955 575 0.819890969159175 0.374400854110718 21.9
0.0234845580910955 598 0.820333988532528 0.390001058578491 21.9
0.0224845580910955 626 0.820805289495789 0.436800956726074 21.9
0.0214845580910955 655 0.820736030283109 0.40559983253479 21.9
0.0204845580910955 691 0.821424218074403 0.499201059341431 21.9
0.0194845580910955 727 0.821117335371145 0.546000957489014 21.9
0.0184845580910955 767 0.82118504949644 0.530400991439819 21.9
0.0174845580910955 811 0.821803054650977 0.624001026153564 21.9
0.0164845580910955 864 0.821719451467572 0.577201128005981 21.9
0.0154845580910955 924 0.82202312194454 0.670800924301147 21.9
0.0144845580910955 986 0.822061016224925 0.686401128768921 21.9
0.0134845580910955 1059 0.822092098727732 0.764400959014893 21.9
0.0124845580910955 1145 0.822271401003744 0.811202049255371 22
0.0114845580910955 1249 0.822638009353412 0.951601982116699 22
0.0104845580910955 1373 0.822805128366215 1.06080198287964 22
0.0094845580910955 1517 0.822837558366811 1.20120191574097 22
0.0084845580910955 1698 0.822848089622179 1.40400314331055 22
0.00748455809109549 1925 0.823172906072335 1.62240290641785 22
0.00648455809109549 2227 0.823181756448927 1.91880416870117 22
0.00548455809109549 2639 0.823387124549517 2.41800403594971 22.1
0.00448455809109549 3231 0.823563538735289 3.69720602035522 22.1
