"Granularity" "Nodes" "Straightness" "Duration" "Memory"
0 50 0.951931768884614 0.00399994850158691 28.1
0.696737367186204 51 0.939879557151102 0.0940051078796387 28.1
0.649737367186204 52 0.929767276593996 0.100006103515625 28.1
0.586737367186204 53 0.921564214864811 0.0980057716369629 28.1
0.519737367186204 54 0.914516195905066 0.104006052017212 28.1
0.463737367186204 55 0.90590923677125 0.112006187438965 28.1
0.432737367186204 56 0.900032895053839 0.120007038116455 28.1
0.428737367186204 57 0.894465554601618 0.121007204055786 28.1
0.410737367186204 58 0.890243551714456 0.128008127212524 28.1
0.390737367186204 59 0.88554165532028 0.128007888793945 28.1
0.385737367186204 61 0.877388140730842 0.134007930755615 28.1
0.347737367186204 62 0.871929395331059 0.135008096694946 28.1
0.346737367186204 63 0.86765903566746 0.133007049560547 28.1
0.340737367186204 64 0.865691333904059 0.139007806777954 28.1
0.332737367186204 65 0.863647684658823 0.139008045196533 28.1
0.325737367186204 66 0.86172387206409 0.165009021759033 28.1
0.324737367186204 67 0.858278969674529 0.144007921218872 28.1
0.319737367186204 68 0.855761304717934 0.144007921218872 28.1
0.309737367186204 69 0.852913013307392 0.154008865356445 28.1
0.292737367186204 70 0.850152244601364 0.160009860992432 28.1
0.287737367186204 72 0.846616788936974 0.158009052276611 28.1
0.285737367186204 73 0.844860323558446 0.160008907318115 28.1
0.283737367186204 74 0.843941416544433 0.160009145736694 28.1
0.277737367186204 75 0.840603685480116 0.178009986877441 28.1
0.273737367186204 76 0.839176703772911 0.17901086807251 28.1
0.268737367186204 77 0.837729218508284 0.199010848999023 28.1
0.264737367186204 78 0.836959186515788 0.17101001739502 28.1
0.260737367186204 79 0.83642903855755 0.172010183334351 28.1
0.259737367186204 81 0.832148923295846 0.180009841918945 28.1
0.257737367186204 82 0.831180997656238 0.175009965896606 28.1
0.256737367186204 86 0.827492678118285 0.190009832382202 28.1
0.255737367186204 87 0.826578600847867 0.17700982093811 28.1
0.252737367186204 89 0.8237658773543 0.184010982513428 28.1
0.248737367186204 90 0.823670945340406 0.185011148452759 28.1
0.247737367186204 92 0.822075212463011 0.18900990486145 28.1
0.239737367186204 93 0.821902416692477 0.194010972976685 28.1
0.238737367186204 94 0.821550563733252 0.190011024475098 28.1
0.235737367186204 95 0.821757739411303 0.200011968612671 28.1
0.234737367186204 96 0.820208325382375 0.200011014938354 28.1
0.231737367186204 98 0.817425630508672 0.198010921478271 28.1
0.228737367186204 99 0.817105562372214 0.198010921478271 28.1
0.226737367186204 100 0.816856828914011 0.194010972976685 28.1
0.222737367186204 101 0.816223098008607 0.199011087417603 28.1
0.221737367186204 102 0.816201619466763 0.213011980056763 28.1
0.219737367186204 104 0.815418904199184 0.212012052536011 28.1
0.216737367186204 105 0.815285154818546 0.210011959075928 28.1
0.215737367186204 106 0.813999717971251 0.206012010574341 28.1
0.214737367186204 107 0.812958423521942 0.209011077880859 28.1
0.213737367186204 108 0.81247162481494 0.220012903213501 28.1
0.212737367186204 109 0.811832868523197 0.205012083053589 28.1
0.210737367186204 110 0.810897595103727 0.20501184463501 28.1
0.208737367186204 111 0.810366143672179 0.215011835098267 28.1
0.207737367186204 112 0.809329965290365 0.212011814117432 28.1
0.206737367186204 113 0.808628874121007 0.222012996673584 28.1
0.205737367186204 114 0.808115306925921 0.21101188659668 28.1
0.204737367186204 115 0.807713567085803 0.215011835098267 28.1
0.203737367186204 116 0.808525988893773 0.219012022018433 28.1
0.201737367186204 117 0.807523667966588 0.227012872695923 28.1
0.200737367186204 118 0.807885488552986 0.226012945175171 28.1
0.198737367186204 121 0.806014772245307 0.223012924194336 28.1
0.196737367186204 122 0.805791455290873 0.244014024734497 28.1
0.194737367186204 123 0.804864620548156 0.237013101577759 28.1
0.192737367186204 126 0.803484032357033 0.23201322555542 28.1
0.191737367186204 128 0.802925395135415 0.233012914657593 28.1
0.190737367186204 129 0.802316898999795 0.273015975952148 28.1
0.188737367186204 130 0.802513906301576 0.231013059616089 28.1
0.186737367186204 131 0.802404462483327 0.240012884140015 28.1
0.184737367186204 132 0.801492888422677 0.254015207290649 28.1
0.178737367186204 134 0.801497565259612 0.248013973236084 28.1
0.177737367186204 135 0.800945131689677 0.256013870239258 28.1
0.176737367186204 136 0.801066729904069 0.272016048431396 28.1
0.174737367186204 137 0.800929152580189 0.250015020370483 28.1
0.173737367186204 139 0.799848102927071 0.246014833450317 28.1
0.172737367186204 140 0.799034422734341 0.259014844894409 28.1
0.171737367186204 142 0.79877619537162 0.248013973236084 28.1
0.170737367186204 145 0.798998185430968 0.265014886856079 28.1
0.169737367186204 148 0.798563378396667 0.25401496887207 28.1
0.167737367186204 151 0.797029958460664 0.258013963699341 28.1
0.165737367186204 156 0.797366199184531 0.267015933990479 28.1
0.164737367186204 159 0.798526089991904 0.28001594543457 28.1
0.163737367186204 162 0.798624435394223 0.277015924453735 28.1
0.162737367186204 164 0.798456475589174 0.270015001296997 28.1
0.161737367186204 165 0.79769955147392 0.276015996932983 28.1
0.160737367186204 166 0.797600206409827 0.275015830993652 28.1
0.159737367186204 169 0.797239152919271 0.316018104553223 28.1
0.158737367186204 170 0.797437674946536 0.282015800476074 28.1
0.156737367186204 173 0.798376287165073 0.28001594543457 28.1
0.155737367186204 174 0.798322085228565 0.297016859054565 28.1
0.154737367186204 178 0.796602848936445 0.29401683807373 28.1
0.153737367186204 180 0.795851685454034 0.287016153335571 28.1
0.151737367186204 183 0.795956463988374 0.304016828536987 28.1
0.147737367186204 186 0.795085931834612 0.303017139434814 28.1
0.146737367186204 190 0.795159086115306 0.31401801109314 28.1
0.145737367186204 192 0.795180663719998 0.33401894569397 28.1
0.144737367186204 194 0.795783868922821 0.310017824172974 28.1
0.143737367186204 199 0.794851255969279 0.306017875671387 28.1
0.142737367186204 200 0.794809253667113 0.313018083572388 28.1
0.141737367186204 201 0.79494189069349 0.331018924713135 28.1
0.140737367186204 203 0.795188889590785 0.308017015457153 28.1
0.139737367186204 204 0.794843411177985 0.316018104553223 28.1
0.138737367186204 206 0.793905900144377 0.324018955230713 28.1
0.137737367186204 207 0.794069135891266 0.319018125534058 28.1
0.136737367186204 211 0.794342481761002 0.374022006988525 28.1
0.135737367186204 213 0.795011950283372 0.380021095275879 28.1
0.133737367186204 217 0.795251225205509 0.393023014068604 28.1
0.132737367186204 220 0.795410169168912 0.354021072387695 28.1
0.131737367186204 224 0.795920095947505 0.386023044586182 28.1
0.130737367186204 225 0.795918818676692 0.349020004272461 28.1
0.129737367186204 230 0.794793888813599 0.353019952774048 28.1
0.128737367186204 232 0.794873801268086 0.386021852493286 28.1
0.127737367186204 238 0.794526915484544 0.37702202796936 28.1
0.126737367186204 240 0.794506320442518 0.38302206993103 28.1
0.125737367186204 246 0.794003711546792 0.411023855209351 28.1
0.124737367186204 247 0.794135681749438 0.369020938873291 28.1
0.123737367186204 251 0.794245286415505 0.370020866394043 28.1
0.122737367186204 252 0.794732533774411 0.392022132873535 28.1
0.121737367186204 253 0.794709031907473 0.361020088195801 28.1
0.119737367186204 255 0.79520119392118 0.38302206993103 28.1
0.118737367186204 257 0.795236716797954 0.446024894714355 28.1
0.117737367186204 260 0.795101919580979 0.39702296257019 28.1
0.116737367186204 263 0.794632647016347 0.372021913528442 28.1
0.115737367186204 265 0.793867442395601 0.384021997451782 28.1
0.114737367186204 268 0.793437931008614 0.380022048950195 28.1
0.113737367186204 270 0.793658743941974 0.445024967193604 28.1
0.112737367186204 273 0.793855142797804 0.40302300453186 28.1
0.111737367186204 274 0.793920937893879 0.426024913787842 28.1
0.110737367186204 279 0.794272547913247 0.393022060394287 28.1
0.109737367186204 286 0.794571981686288 0.41102409362793 28.1
0.108737367186204 289 0.795075321699324 0.407022953033447 28.1
0.107737367186204 292 0.79455578647281 0.396022796630859 28.1
0.106737367186204 297 0.793543530172573 0.454025983810425 28.1
0.105737367186204 303 0.794096182769788 0.508029222488403 28.1
0.104737367186204 306 0.794360940634331 0.455026149749756 28.1
0.103737367186204 310 0.794307389836842 0.419023990631104 28.1
0.102737367186204 318 0.795045761808471 0.434025049209595 28.1
0.101737367186204 324 0.796011203227373 0.427025079727173 28.1
0.100737367186204 329 0.795768027798756 0.446026086807251 28.1
0.0997373671862036 333 0.795526081793827 0.45102596282959 28.1
0.0987373671862036 338 0.795495089466793 0.442024946212769 28.1
0.0977373671862036 345 0.796283338235021 0.454025983810425 28.1
0.0967373671862036 348 0.796463835869485 0.473026990890503 28.1
0.0957373671862036 356 0.796869259663343 0.461026906967163 28.1
0.0947373671862036 363 0.797317450345543 0.469027042388916 28.1
0.0937373671862036 367 0.797540312276599 0.563032150268555 28.1
0.0927373671862036 372 0.796773037317618 0.490027904510498 28.1
0.0917373671862036 374 0.797327905063561 0.49702787399292 28.1
0.0907373671862036 379 0.797341796352917 0.485028028488159 28.1
0.0897373671862036 381 0.797242907582579 0.478028059005737 28.1
0.0887373671862036 387 0.797404939877352 0.502028942108154 28.1
0.0877373671862036 395 0.797784241836321 0.513029098510742 28.1
0.0867373671862036 399 0.797236268958612 0.508029222488403 28.1
0.0857373671862036 406 0.796539495264693 0.520029067993164 28.1
0.0847373671862036 412 0.796915433594323 0.537030935287476 28.1
0.0837373671862036 420 0.796926024899611 0.540030956268311 28.1
0.0827373671862036 428 0.797562533934292 0.551030874252319 28.1
0.0817373671862036 441 0.798177435061103 0.561032056808472 28.1
0.0807373671862036 446 0.798164349587502 0.563033103942871 28.1
0.0797373671862036 453 0.798198738617113 0.576032876968384 28.1
0.0787373671862036 458 0.798648878579753 0.612034797668457 28.1
0.0777373671862036 464 0.798858175303946 0.60603404045105 28.1
0.0767373671862036 472 0.798347428079527 0.605034112930298 28.1
0.0757373671862036 479 0.798355658456006 0.63403582572937 28.1
0.0747373671862036 482 0.798471730970796 0.604035139083862 28.1
0.0737373671862036 491 0.798890897428298 0.641037225723267 28.1
0.0727373671862036 504 0.79908028693492 0.629035949707031 28.1
0.0717373671862036 515 0.799176574368651 0.647036790847778 28.1
0.0707373671862036 526 0.79964819458327 0.67703914642334 28.1
0.0697373671862036 532 0.79959089007912 0.679039001464844 28.1
0.0687373671862036 541 0.799142407849131 0.714040994644165 28.1
0.0677373671862036 553 0.800076292355523 0.704039812088013 28.1
0.0667373671862036 561 0.800622224768531 0.734042167663574 28.1
0.0657373671862036 577 0.801068226319725 0.7430419921875 28.1
0.0647373671862036 588 0.801354981140648 0.774044990539551 28.1
0.0637373671862036 603 0.801616058513637 0.75104284286499 28.1
0.0627373671862036 619 0.802086456905264 0.766043901443481 28.1
0.0617373671862036 629 0.801871102905983 0.830047130584717 28.1
0.0607373671862036 636 0.801973598623049 0.804045915603638 28.1
0.0597373671862036 645 0.80195806837197 0.794045209884644 28.1
0.0587373671862036 660 0.802159884237095 0.838047981262207 28.1
0.0577373671862036 672 0.8020570592028 0.835047960281372 28.1
0.0567373671862036 691 0.80289356519208 0.973055124282837 28.1
0.0557373671862036 703 0.802454620924634 0.905050992965698 28.1
0.0547373671862036 726 0.803144632213429 1.03105902671814 28.1
0.0537373671862036 736 0.80320329905591 0.993057012557983 28.1
0.0527373671862036 752 0.803239593492281 1.00405693054199 28.1
0.0517373671862036 765 0.803371329370074 1.03105902671814 28.1
0.0507373671862036 791 0.803986152929354 1.05306005477905 28.1
0.0497373671862036 809 0.804063101007434 1.06706094741821 28.1
0.0487373671862036 830 0.804705752323693 1.12306380271912 28.1
0.0477373671862036 849 0.804499418034408 1.13106393814087 28.1
0.0467373671862036 871 0.805066292993174 1.17706799507141 28.1
0.0457373671862036 887 0.804980810843315 1.23007011413574 28.1
0.0447373671862036 912 0.804737109705726 1.34207701683044 28.1
0.0437373671862036 938 0.805503291829759 1.27207207679749 28.1
0.0427373671862036 962 0.805282015591253 1.38307905197144 28.1
0.0417373671862036 988 0.805472052660501 1.38908004760742 28.1
0.0407373671862036 1025 0.80665938399979 1.45508289337158 28.1
0.0397373671862036 1051 0.806481375034209 1.47808480262756 28.1
0.0387373671862036 1078 0.806771681520992 1.52808713912964 28.2
0.0377373671862036 1113 0.806899052022959 1.57308983802795 28.2
0.0367373671862036 1145 0.807236198442641 1.64909386634827 28.2
0.0357373671862036 1188 0.807566650844162 1.71709799766541 28.2
0.0347373671862036 1222 0.807707907741697 1.74609899520874 28.2
0.0337373671862036 1264 0.807970850979024 1.82010507583618 28.2
0.0327373671862036 1309 0.808358449650429 1.95611214637756 28.2
0.0317373671862036 1352 0.80846802456405 2.03611588478088 28.2
0.0307373671862036 1401 0.808496189865884 2.07011795043945 28.2
0.0297373671862036 1450 0.808887247023955 2.2961311340332 28.2
0.0287373671862036 1512 0.809322394083803 2.35513496398926 28.2
0.0277373671862036 1571 0.809476876899322 2.42013788223267 28.2
0.0267373671862036 1633 0.80968870417106 2.56914710998535 28.2
0.0257373671862036 1698 0.809562388279897 2.81416082382202 28.2
0.0247373671862036 1781 0.810051709238989 2.86616396903992 28.2
0.0237373671862036 1861 0.810392453063877 3.08917617797852 28.2
0.0227373671862036 1946 0.81052640892502 3.44419717788696 28.2
0.0217373671862036 2052 0.811017289891796 3.47719812393188 28.2
0.0207373671862036 2156 0.811210202331277 3.87222194671631 28.2
0.0197373671862036 2266 0.811194181281377 4.06923294067383 28.2
0.0187373671862036 2400 0.811580543827614 4.42725300788879 28.3
0.0177373671862036 2543 0.811875659098866 4.85527801513672 28.3
0.0167373671862036 2704 0.812068462090283 5.32030487060547 28.3
0.0157373671862036 2889 0.812449811367823 6.0033438205719 28.3
0.0147373671862036 3094 0.812652442802476 6.59537696838379 28.3
0.0137373671862036 3332 0.813017174312863 7.48042798042297 28.3
0.0127373671862036 3602 0.813221545905955 8.56449007987976 28.4
0.0117373671862036 3925 0.813533708595325 9.76355886459351 28.4
0.0107373671862036 4301 0.813763104558988 17.4239962100983 28.4
0.00973736718620355 4765 0.814028657030867 13.9828000068665 28.4
0.00873736718620355 5326 0.81433497528485 17.1169791221619 28.5
0.00773736718620355 6035 0.814503516710781 21.9822578430176 28.5
0.00673736718620355 6955 0.814903501397287 29.2516729831696 28.6
0.00573736718620355 8194 0.81515406790346 45.7826180458069 28.7
0.00473736718620354 9958 0.815430437525792 60.6584689617157 28.9
